import matplotlib.pyplot as plt
#replace coordinates with read function of data from data output of another code
x_coordinates = [1.0, 0.95, 0.9, 0.8, 0.7, 0.6, 0.5, 0.4, 0.3, 0.25, 0.2, 0.15, 0.1, 0.075, 0.05, 0.025, 0.0125, 0.005, 0.0, 0.005, 0.0125, 0.025, 0.05, 0.075, 0.1, 0.15, 0.2, 0.25, 0.3, 0.4, 0.5, 0.6, 0.7, 0.8, 0.9, 0.95, 1.0]
y_coordinates = [0.00095, 0.00605, 0.01086, 0.01967, 0.02748, 0.03423, 0.03971, 0.04352, 0.04501, 0.04456, 0.04303, 0.04009, 0.03512, 0.0315, 0.02666, 0.01961, 0.0142, 0.0089, 0.0, -0.0089, -0.0142, -0.01961, -0.02666, -0.0315, -0.03512, -0.04009, -0.04303, -0.04456, -0.04501, -0.04352, -0.03971, -0.03423, -0.02748, -0.01967, -0.01086, -0.00605, -0.00095]


plt.plot(x_coordinates,y_coordinates)
plt.show()


dr = 0.0001

for i in range